$ANSIBLE_VAULT;1.1;AES256
62643836636235346537373734333636663161396166646362383538393737623936336462383936
3866616562626231376462613961323663366363386430320a616635656436613837303436373339
64303632633361623338623664346263383834353234316633326238663836633764353136333661
3065366665346339660a343162343535333763386565356538663861633936363861353330346434
33343733626565316436623765633461313930666366643533306637343836626432376334646237
39353966303862393531333064363566396464346439333130663564383039373264386233376538
32363661356338373161353839343437623035353165646139326161616531353638366439393662
39353965386139623139373839653932643537653731306637306239366633366331643239646664
30666535306564623165373966303263636264323434326633656430343335386330386430616337
32326236626566303835333430303034663335356534376161613730303234643434633438383333
65663662343330383166376665636330626439616337353632363035366537363262303836366130
39396230386566356665653435643238316437386433643036653663313162323930626264356365
38343261653538363533653336373632333232353564366564393539386532653561343433376363
66373136363530303532616266613734646363643432316238656639643261363737626234653435
31653564393266386637623438363964313530323165393636366236333139313061303234326538
62333738396235376430316438623963363532373537336435383736303065626337623734353330
37656138333363363362656663306336636431323964336433313139653936386239396330623430
33616463633738613734313262656463326663663331326530343830333161616164383135666332
38663332353833663435626434396137623438666439363439323435393265383562316262303634
39613935656362323039656263333137653261363730653435356536336462316336333562376633
6633
